(kicad_pcb (version 20171130) (host pcbnew "(5.1.8-0-10_14)")

  (general
    (thickness 1.6)
    (drawings 181)
    (tracks 1704)
    (zones 0)
    (modules 194)
    (nets 143)
  )

  (page A4)
  (layers
    (0 F.Cu signal)
    (31 B.Cu signal)
    (32 B.Adhes user)
    (33 F.Adhes user)
    (34 B.Paste user)
    (35 F.Paste user)
    (36 B.SilkS user)
    (37 F.SilkS user)
    (38 B.Mask user)
    (39 F.Mask user)
    (40 Dwgs.User user hide)
    (41 Cmts.User user)
    (42 Eco1.User user)
    (43 Eco2.User user)
    (44 Edge.Cuts user)
    (45 Margin user)
    (46 B.CrtYd user)
    (47 F.CrtYd user)
    (48 B.Fab user hide)
    (49 F.Fab user hide)
  )

  (setup
    (last_trace_width 0.25)
    (user_trace_width 0.2)
    (user_trace_width 0.25)
    (user_trace_width 0.4)
    (user_trace_width 0.6)
    (user_trace_width 0.8)
    (user_trace_width 1)
    (user_trace_width 1.2)
    (user_trace_width 1.5)
    (trace_clearance 0.2)
    (zone_clearance 0.508)
    (zone_45_only yes)
    (trace_min 0.2)
    (via_size 0.8)
    (via_drill 0.4)
    (via_min_size 0.4)
    (via_min_drill 0.3)
    (user_via 0.8 0.4)
    (user_via 1 0.5)
    (user_via 1.6 0.8)
    (uvia_size 0.3)
    (uvia_drill 0.1)
    (uvias_allowed no)
    (uvia_min_size 0.2)
    (uvia_min_drill 0.1)
    (edge_width 0.2)
    (segment_width 0.2)
    (pcb_text_width 0.3)
    (pcb_text_size 1.5 1.5)
    (mod_edge_width 0.2)
    (mod_text_size 1 1)
    (mod_text_width 0.2)
    (pad_size 6.4 5.8)
    (pad_drill 0)
    (pad_to_mask_clearance 0.051)
    (solder_mask_min_width 0.25)
    (aux_axis_origin 0 0)
    (visible_elements FFFFFFFF)
    (pcbplotparams
      (layerselection 0x010fc_ffffffff)
      (usegerberextensions false)
      (usegerberattributes false)
      (usegerberadvancedattributes false)
      (creategerberjobfile false)
      (excludeedgelayer true)
      (linewidth 0.100000)
      (plotframeref false)
      (viasonmask false)
      (mode 1)
      (useauxorigin false)
      (hpglpennumber 1)
      (hpglpenspeed 20)
      (hpglpendiameter 15.000000)
      (psnegative false)
      (psa4output false)
      (plotreference true)
      (plotvalue true)
      (plotinvisibletext false)
      (padsonsilk false)
      (subtractmaskfromsilk false)
      (outputformat 1)
      (mirror false)
      (drillshape 0)
      (scaleselection 1)
      (outputdirectory "./Gerber"))
  )

  (net 0 "")
  (net 1 GND)
  (net 2 +VDC)
  (net 3 +5V)
  (net 4 +3V3)
  (net 5 /W1_TERM)
  (net 6 /W2_TERM)
  (net 7 /Y1_TERM)
  (net 8 /Y2_TERM)
  (net 9 /G_TERM)
  (net 10 /MISC1_TERM)
  (net 11 /MISC2_TERM)
  (net 12 /MISC3_TERM)
  (net 13 "Net-(C26-Pad1)")
  (net 14 "Net-(D2-Pad2)")
  (net 15 /C_TERM)
  (net 16 "Net-(D3-Pad2)")
  (net 17 "Net-(D4-Pad2)")
  (net 18 /STATUS)
  (net 19 "Net-(D5-Pad2)")
  (net 20 /MCP23017_GPA3)
  (net 21 "Net-(D12-Pad1)")
  (net 22 /MCP23017_GPA4)
  (net 23 "Net-(D13-Pad1)")
  (net 24 /MCP23017_GPA1)
  (net 25 "Net-(D14-Pad1)")
  (net 26 /MCP23017_GPA2)
  (net 27 "Net-(D15-Pad1)")
  (net 28 /MCP23017_GPA0)
  (net 29 "Net-(D16-Pad1)")
  (net 30 /MCP23017_GPA5)
  (net 31 "Net-(D17-Pad1)")
  (net 32 /MCP23017_GPA6)
  (net 33 "Net-(D18-Pad1)")
  (net 34 /MCP23017_GPA7)
  (net 35 /RH_TERM)
  (net 36 /RC_TERM)
  (net 37 /ESP_TXD)
  (net 38 /ESP_RXD)
  (net 39 /DISP_D1_DIN)
  (net 40 /ESP_MISO)
  (net 41 /DISP_D0_SCLK)
  (net 42 /I2C_SCL)
  (net 43 /I2C_SDA)
  (net 44 /PIR)
  (net 45 /MCP23017_GPB7)
  (net 46 /MCP23017_GPB6)
  (net 47 /MCP23017_GPB5)
  (net 48 /MCP23017_GPB4)
  (net 49 /MCP23017_GPB3)
  (net 50 /MCP23017_GPB2)
  (net 51 /MCP23017_GPB1)
  (net 52 /MCP23017_GPB0)
  (net 53 /DISP_RESET)
  (net 54 /DISP_CS)
  (net 55 /DISP_DC)
  (net 56 /RMISC_TERM)
  (net 57 /THERMISTOR_EXT)
  (net 58 /THERMISTOR_VCC)
  (net 59 /RELAY_3_NC_TERM)
  (net 60 /RELAY_3_COM_TERM)
  (net 61 /RELAY_3_NO_TERM)
  (net 62 /RELAY_2_NC_TERM)
  (net 63 /RELAY_2_COM_TERM)
  (net 64 /RELAY_2_NO_TERM)
  (net 65 /RELAY_1_NC_TERM)
  (net 66 /RELAY_1_COM_TERM)
  (net 67 /RELAY_1_NO_TERM)
  (net 68 /MCP23017_A0)
  (net 69 /MCP23017_A1)
  (net 70 /MCP23017_A2)
  (net 71 /MCP23017_INTB)
  (net 72 /MCP23017_INTA)
  (net 73 /~ESP_RESET)
  (net 74 /PHOTO)
  (net 75 "Net-(Q6-Pad3)")
  (net 76 "Net-(Q7-Pad3)")
  (net 77 "Net-(Q8-Pad3)")
  (net 78 "Net-(Q9-Pad3)")
  (net 79 "Net-(Q10-Pad3)")
  (net 80 "Net-(Q11-Pad3)")
  (net 81 "Net-(Q12-Pad3)")
  (net 82 /MODE)
  (net 83 /ENCODER_B)
  (net 84 /ENCODER_A)
  (net 85 /MCP23017_~RESET)
  (net 86 /ENCODER_SW)
  (net 87 /THERMISTOR_INT)
  (net 88 /DHT_DATA)
  (net 89 /TMP117_ALERT)
  (net 90 "Net-(D11-Pad1)")
  (net 91 "Net-(C27-Pad1)")
  (net 92 /SD_CS)
  (net 93 /SD_CD)
  (net 94 "Net-(C28-Pad1)")
  (net 95 "Net-(C29-Pad1)")
  (net 96 "Net-(C30-Pad1)")
  (net 97 "Net-(D6-Pad1)")
  (net 98 "Net-(D7-Pad2)")
  (net 99 "Net-(D8-Pad1)")
  (net 100 "Net-(D9-Pad2)")
  (net 101 "Net-(D10-Pad1)")
  (net 102 "Net-(J1-Pad1)")
  (net 103 "Net-(F1-Pad1)")
  (net 104 "Net-(D1-Pad3)")
  (net 105 "Net-(J4-Pad3)")
  (net 106 "Net-(J4-Pad2)")
  (net 107 "Net-(J5-Pad6)")
  (net 108 "Net-(J12-Pad10)")
  (net 109 "Net-(C4-Pad2)")
  (net 110 "Net-(C4-Pad1)")
  (net 111 "Net-(C10-Pad1)")
  (net 112 "Net-(C31-Pad1)")
  (net 113 /THERMISTOR_1V1)
  (net 114 "Net-(C8-Pad1)")
  (net 115 "Net-(C11-Pad2)")
  (net 116 "Net-(C11-Pad1)")
  (net 117 "Net-(R34-Pad1)")
  (net 118 "Net-(R35-Pad1)")
  (net 119 "Net-(R36-Pad1)")
  (net 120 "Net-(R37-Pad1)")
  (net 121 "Net-(R38-Pad1)")
  (net 122 "Net-(R42-Pad2)")
  (net 123 "Net-(R43-Pad2)")
  (net 124 "Net-(R44-Pad2)")
  (net 125 "Net-(R45-Pad2)")
  (net 126 "Net-(R46-Pad2)")
  (net 127 "Net-(JP14-Pad2)")
  (net 128 "Net-(Q5-Pad3)")
  (net 129 "Net-(JP4-Pad1)")
  (net 130 "Net-(JP5-Pad1)")
  (net 131 "Net-(JP11-Pad2)")
  (net 132 "Net-(JP16-Pad2)")
  (net 133 "Net-(R39-Pad1)")
  (net 134 "Net-(R40-Pad1)")
  (net 135 "Net-(R47-Pad2)")
  (net 136 "Net-(R48-Pad2)")
  (net 137 "Net-(C16-Pad2)")
  (net 138 "Net-(C32-Pad1)")
  (net 139 "Net-(C33-Pad1)")
  (net 140 "Net-(R13-Pad2)")
  (net 141 "Net-(R41-Pad1)")
  (net 142 "Net-(R49-Pad2)")

  (net_class Default "This is the default net class."
    (clearance 0.2)
    (trace_width 0.25)
    (via_dia 0.8)
    (via_drill 0.4)
    (uvia_dia 0.3)
    (uvia_drill 0.1)
    (add_net /DISP_D2)
    (add_net /DISP_D3)
    (add_net /DISP_D4)
    (add_net /DISP_D5)
    (add_net /DISP_D6)
    (add_net /DISP_D7)
    (add_net /DISP_RD)
    (add_net /DISP_WR)
    (add_net "Net-(C16-Pad2)")
    (add_net "Net-(C32-Pad1)")
    (add_net "Net-(C33-Pad1)")
    (add_net "Net-(J10-Pad2)")
    (add_net "Net-(J9-Pad17)")
    (add_net "Net-(J9-Pad18)")
    (add_net "Net-(J9-Pad19)")
    (add_net "Net-(J9-Pad3)")
    (add_net "Net-(JP11-Pad2)")
    (add_net "Net-(JP14-Pad2)")
    (add_net "Net-(JP16-Pad2)")
    (add_net "Net-(JP4-Pad1)")
    (add_net "Net-(JP5-Pad1)")
    (add_net "Net-(Q5-Pad3)")
    (add_net "Net-(R13-Pad2)")
    (add_net "Net-(R39-Pad1)")
    (add_net "Net-(R40-Pad1)")
    (add_net "Net-(R41-Pad1)")
    (add_net "Net-(R47-Pad2)")
    (add_net "Net-(R48-Pad2)")
    (add_net "Net-(R49-Pad2)")
    (add_net "Net-(U1-Pad17)")
    (add_net "Net-(U1-Pad18)")
    (add_net "Net-(U1-Pad19)")
    (add_net "Net-(U1-Pad20)")
    (add_net "Net-(U1-Pad21)")
    (add_net "Net-(U1-Pad22)")
    (add_net "Net-(U1-Pad27)")
    (add_net "Net-(U1-Pad28)")
    (add_net "Net-(U1-Pad32)")
    (add_net "Net-(U10-Pad3)")
    (add_net "Net-(U10-Pad5)")
    (add_net "Net-(U11-Pad3)")
    (add_net "Net-(U11-Pad5)")
    (add_net "Net-(U12-Pad3)")
    (add_net "Net-(U12-Pad5)")
    (add_net "Net-(U13-Pad3)")
    (add_net "Net-(U13-Pad5)")
    (add_net "Net-(U14-Pad3)")
    (add_net "Net-(U14-Pad5)")
    (add_net "Net-(U15-Pad3)")
    (add_net "Net-(U15-Pad5)")
    (add_net "Net-(U16-Pad3)")
    (add_net "Net-(U16-Pad5)")
    (add_net "Net-(U17-Pad3)")
    (add_net "Net-(U17-Pad5)")
    (add_net "Net-(U2-Pad11)")
    (add_net "Net-(U2-Pad14)")
    (add_net "Net-(U7-Pad3)")
    (add_net "Net-(U9-Pad5)")
  )

  (net_class AC ""
    (clearance 0.3)
    (trace_width 1.5)
    (via_dia 1.6)
    (via_drill 0.8)
    (uvia_dia 0.3)
    (uvia_drill 0.1)
    (add_net /C_TERM)
    (add_net /G_TERM)
    (add_net /MISC1_TERM)
    (add_net /MISC2_TERM)
    (add_net /MISC3_TERM)
    (add_net /RC_TERM)
    (add_net /RELAY_1_COM_TERM)
    (add_net /RELAY_1_NC_TERM)
    (add_net /RELAY_1_NO_TERM)
    (add_net /RELAY_2_COM_TERM)
    (add_net /RELAY_2_NC_TERM)
    (add_net /RELAY_2_NO_TERM)
    (add_net /RELAY_3_COM_TERM)
    (add_net /RELAY_3_NC_TERM)
    (add_net /RELAY_3_NO_TERM)
    (add_net /RH_TERM)
    (add_net /RMISC_TERM)
    (add_net /W1_TERM)
    (add_net /W2_TERM)
    (add_net /Y1_TERM)
    (add_net /Y2_TERM)
    (add_net "Net-(D1-Pad3)")
    (add_net "Net-(D2-Pad2)")
    (add_net "Net-(F1-Pad1)")
    (add_net "Net-(J1-Pad1)")
  )

  (net_class DC ""
    (clearance 0.15)
    (trace_width 0.8)
    (via_dia 1.2)
    (via_drill 0.6)
    (uvia_dia 0.3)
    (uvia_drill 0.1)
    (add_net +3V3)
    (add_net +5V)
    (add_net +VDC)
    (add_net GND)
    (add_net "Net-(C8-Pad1)")
  )

  (net_class Signal ""
    (clearance 0.12)
    (trace_width 0.2)
    (via_dia 0.8)
    (via_drill 0.4)
    (uvia_dia 0.3)
    (uvia_drill 0.1)
    (add_net /DHT_DATA)
    (add_net /DISP_CS)
    (add_net /DISP_D0_SCLK)
    (add_net /DISP_D1_DIN)
    (add_net /DISP_DC)
    (add_net /DISP_RESET)
    (add_net /ENCODER_A)
    (add_net /ENCODER_B)
    (add_net /ENCODER_SW)
    (add_net /ESP_MISO)
    (add_net /ESP_RXD)
    (add_net /ESP_TXD)
    (add_net /I2C_SCL)
    (add_net /I2C_SDA)
    (add_net /MCP23017_A0)
    (add_net /MCP23017_A1)
    (add_net /MCP23017_A2)
    (add_net /MCP23017_GPA0)
    (add_net /MCP23017_GPA1)
    (add_net /MCP23017_GPA2)
    (add_net /MCP23017_GPA3)
    (add_net /MCP23017_GPA4)
    (add_net /MCP23017_GPA5)
    (add_net /MCP23017_GPA6)
    (add_net /MCP23017_GPA7)
    (add_net /MCP23017_GPB0)
    (add_net /MCP23017_GPB1)
    (add_net /MCP23017_GPB2)
    (add_net /MCP23017_GPB3)
    (add_net /MCP23017_GPB4)
    (add_net /MCP23017_GPB5)
    (add_net /MCP23017_GPB6)
    (add_net /MCP23017_GPB7)
    (add_net /MCP23017_INTA)
    (add_net /MCP23017_INTB)
    (add_net /MCP23017_~RESET)
    (add_net /MODE)
    (add_net /PHOTO)
    (add_net /PIR)
    (add_net /SD_CD)
    (add_net /SD_CS)
    (add_net /STATUS)
    (add_net /THERMISTOR_1V1)
    (add_net /THERMISTOR_EXT)
    (add_net /THERMISTOR_INT)
    (add_net /THERMISTOR_VCC)
    (add_net /TMP117_ALERT)
    (add_net /~ESP_RESET)
    (add_net "Net-(C10-Pad1)")
    (add_net "Net-(C11-Pad1)")
    (add_net "Net-(C11-Pad2)")
    (add_net "Net-(C26-Pad1)")
    (add_net "Net-(C27-Pad1)")
    (add_net "Net-(C28-Pad1)")
    (add_net "Net-(C29-Pad1)")
    (add_net "Net-(C30-Pad1)")
    (add_net "Net-(C31-Pad1)")
    (add_net "Net-(C4-Pad1)")
    (add_net "Net-(C4-Pad2)")
    (add_net "Net-(D10-Pad1)")
    (add_net "Net-(D11-Pad1)")
    (add_net "Net-(D12-Pad1)")
    (add_net "Net-(D13-Pad1)")
    (add_net "Net-(D14-Pad1)")
    (add_net "Net-(D15-Pad1)")
    (add_net "Net-(D16-Pad1)")
    (add_net "Net-(D17-Pad1)")
    (add_net "Net-(D18-Pad1)")
    (add_net "Net-(D3-Pad2)")
    (add_net "Net-(D4-Pad2)")
    (add_net "Net-(D5-Pad2)")
    (add_net "Net-(D6-Pad1)")
    (add_net "Net-(D7-Pad2)")
    (add_net "Net-(D8-Pad1)")
    (add_net "Net-(D9-Pad2)")
    (add_net "Net-(J12-Pad10)")
    (add_net "Net-(J4-Pad2)")
    (add_net "Net-(J4-Pad3)")
    (add_net "Net-(J5-Pad6)")
    (add_net "Net-(Q10-Pad3)")
    (add_net "Net-(Q11-Pad3)")
    (add_net "Net-(Q12-Pad3)")
    (add_net "Net-(Q6-Pad3)")
    (add_net "Net-(Q7-Pad3)")
    (add_net "Net-(Q8-Pad3)")
    (add_net "Net-(Q9-Pad3)")
    (add_net "Net-(R34-Pad1)")
    (add_net "Net-(R35-Pad1)")
    (add_net "Net-(R36-Pad1)")
    (add_net "Net-(R37-Pad1)")
    (add_net "Net-(R38-Pad1)")
    (add_net "Net-(R42-Pad2)")
    (add_net "Net-(R43-Pad2)")
    (add_net "Net-(R44-Pad2)")
    (add_net "Net-(R45-Pad2)")
    (add_net "Net-(R46-Pad2)")
  )

  (module ClimateSprinklerController:DFN-6-1EP_2.44x2.44mm_P0.8mm_EP1.25x1.7mm (layer B.Cu) (tedit 5FC497DA) (tstamp 5FC6064F)
    (at 179.959 58.547)
    (descr "DFN6 3*3 MM, 0.95 PITCH; CASE 506AH-01 (see ON Semiconductor 506AH.PDF)")
    (tags "DFN 0.95")
    (path /5FCF01AC)
    (zone_connect 2)
    (attr smd)
    (fp_text reference U5 (at 0 -2.413) (layer B.SilkS)
      (effects (font (size 1 1) (thickness 0.2)) (justify mirror))
    )
    (fp_text value SGP40-Sensor_Air_Quality (at 0 -2.575) (layer B.Fab)
      (effects (font (size 1 1) (thickness 0.2)) (justify mirror))
    )
    (fp_line (start 0 1.45) (end 1.3 1.45) (layer B.SilkS) (width 0.15))
    (fp_line (start -1.3 -1.45) (end 1.3 -1.45) (layer B.SilkS) (width 0.15))
    (fp_line (start -1.6 -1.65) (end 1.6 -1.65) (layer B.CrtYd) (width 0.05))
    (fp_line (start -1.6 1.65) (end 1.6 1.65) (layer B.CrtYd) (width 0.05))
    (fp_line (start 1.6 1.65) (end 1.6 -1.65) (layer B.CrtYd) (width 0.05))
    (fp_line (start -1.6 1.65) (end -1.6 -1.65) (layer B.CrtYd) (width 0.05))
    (fp_line (start -1.3 0.4) (end -0.4 1.3) (layer B.Fab) (width 0.15))
    (fp_line (start -1.3 -1.3) (end -1.3 0.4) (layer B.Fab) (width 0.15))
    (fp_line (start 1.3 -1.3) (end -1.3 -1.3) (layer B.Fab) (width 0.15))
    (fp_line (start 1.3 1.3) (end 1.3 -1.3) (layer B.Fab) (width 0.15))
    (fp_line (start -0.4 1.3) (end 1.3 1.3) (layer B.Fab) (width 0.15))
    (fp_text user %R (at 0 0) (layer B.Fab)
      (effects (font (size 0.7 0.7) (thickness 0.105)) (justify mirror))
    )
    (pad "" smd rect (at 0 0.4) (size 1.05 0.7) (layers B.Paste)
      (zone_connect 2))
    (pad "" smd rect (at 0 -0.4) (size 1.05 0.7) (layers B.Paste)
      (zone_connect 2))
    (pad 1 smd rect (at -1.15 0.8) (size 0.63 0.45) (layers B.Cu B.Paste B.Mask)
      (net 137 "Net-(C16-Pad2)") (zone_connect 2))
    (pad 2 smd rect (at -1.15 0) (size 0.63 0.45) (layers B.Cu B.Paste B.Mask)
      (net 1 GND) (zone_connect 2))
    (pad 3 smd rect (at -1.15 -0.8) (size 0.63 0.45) (layers B.Cu B.Paste B.Mask)
      (net 43 /I2C_SDA) (zone_connect 2))
    (pad 4 smd rect (at 1.15 -0.8) (size 0.63 0.45) (layers B.Cu B.Paste B.Mask)
      (net 1 GND) (zone_connect 2))
    (pad 5 smd rect (at 1.15 0) (size 0.63 0.45) (layers B.Cu B.Paste B.Mask)
      (net 4 +3V3) (zone_connect 2))
    (pad 6 smd rect (at 1.15 0.8) (size 0.63 0.45) (layers B.Cu B.Paste B.Mask)
      (net 42 /I2C_SCL) (zone_connect 2))
    (pad 7 smd rect (at 0 0) (size 1.25 1.7) (layers B.Cu B.Mask)
      (net 1 GND) (zone_connect 2))
    (model ${KISYS3DMOD}/Package_DFN_QFN.3dshapes/DFN-6-1EP_3x3mm_P0.95mm_EP1.7x2.6mm.wrl
      (at (xyz 0 0 0))
      (scale (xyz 1 1 1))
      (rotate (xyz 0 0 0))
    )
  )

  (module Resistor_SMD:R_0805_2012Metric_Pad1.20x1.40mm_HandSolder (layer B.Cu) (tedit 5F68FEEE) (tstamp 5FC672D8)
    (at 173.609 55.753)
    (descr "Resistor SMD 0805 (2012 Metric), square (rectangular) end terminal, IPC_7351 nominal with elongated pad for handsoldering. (Body size source: IPC-SM-782 page 72, https://www.pcb-3d.com/wordpress/wp-content/uploads/ipc-sm-782a_amendment_1_and_2.pdf), generated with kicad-footprint-generator")
    (tags "resistor handsolder")
    (path /5FF4F3A8)
    (attr smd)
    (fp_text reference R12 (at 0 -1.651 180) (layer B.SilkS)
      (effects (font (size 1 1) (thickness 0.2)) (justify mirror))
    )
    (fp_text value 4.7 (at 0 -1.65 180) (layer B.Fab)
      (effects (font (size 1 1) (thickness 0.2)) (justify mirror))
    )
    (fp_line (start -1 -0.625) (end -1 0.625) (layer B.Fab) (width 0.1))
    (fp_line (start -1 0.625) (end 1 0.625) (layer B.Fab) (width 0.1))
    (fp_line (start 1 0.625) (end 1 -0.625) (layer B.Fab) (width 0.1))
    (fp_line (start 1 -0.625) (end -1 -0.625) (layer B.Fab) (width 0.1))
    (fp_line (start -0.227064 0.735) (end 0.227064 0.735) (layer B.SilkS) (width 0.12))
    (fp_line (start -0.227064 -0.735) (end 0.227064 -0.735) (layer B.SilkS) (width 0.12))
    (fp_line (start -1.85 -0.95) (end -1.85 0.95) (layer B.CrtYd) (width 0.05))
    (fp_line (start -1.85 0.95) (end 1.85 0.95) (layer B.CrtYd) (width 0.05))
    (fp_line (start 1.85 0.95) (end 1.85 -0.95) (layer B.CrtYd) (width 0.05))
    (fp_line (start 1.85 -0.95) (end -1.85 -0.95) (layer B.CrtYd) (width 0.05))
    (fp_text user %R (at 0 0 180) (layer B.Fab)
      (effects (font (size 0.5 0.5) (thickness 0.08)) (justify mirror))
    )
    (pad 2 smd roundrect (at 1 0) (size 1.2 1.4) (layers B.Cu B.Paste B.Mask) (roundrect_rratio 0.2083325)
      (net 137 "Net-(C16-Pad2)"))
    (pad 1 smd roundrect (at -1 0) (size 1.2 1.4) (layers B.Cu B.Paste B.Mask) (roundrect_rratio 0.2083325)
      (net 4 +3V3))
    (model ${KISYS3DMOD}/Resistor_SMD.3dshapes/R_0805_2012Metric.wrl
      (at (xyz 0 0 0))
      (scale (xyz 1 1 1))
      (rotate (xyz 0 0 0))
    )
  )

  (module Capacitor_SMD:C_0805_2012Metric (layer B.Cu) (tedit 5F68FEEE) (tstamp 5FC67940)
    (at 176.911 58.547 270)
    (descr "Capacitor SMD 0805 (2012 Metric), square (rectangular) end terminal, IPC_7351 nominal, (Body size source: IPC-SM-782 page 76, https://www.pcb-3d.com/wordpress/wp-content/uploads/ipc-sm-782a_amendment_1_and_2.pdf, https://docs.google.com/spreadsheets/d/1BsfQQcO9C6DZCsRaXUlFlo91Tg2WpOkGARC1WS5S8t0/edit?usp=sharing), generated with kicad-footprint-generator")
    (tags capacitor)
    (path /5FD5F8FC)
    (attr smd)
    (fp_text reference C16 (at 0 1.524 270) (layer B.SilkS)
      (effects (font (size 1 1) (thickness 0.2)) (justify mirror))
    )
    (fp_text value "1 uF" (at 0 -1.68 270) (layer B.Fab)
      (effects (font (size 1 1) (thickness 0.2)) (justify mirror))
    )
    (fp_line (start 1.7 -0.98) (end -1.7 -0.98) (layer B.CrtYd) (width 0.05))
    (fp_line (start 1.7 0.98) (end 1.7 -0.98) (layer B.CrtYd) (width 0.05))
    (fp_line (start -1.7 0.98) (end 1.7 0.98) (layer B.CrtYd) (width 0.05))
    (fp_line (start -1.7 -0.98) (end -1.7 0.98) (layer B.CrtYd) (width 0.05))
    (fp_line (start -0.261252 -0.735) (end 0.261252 -0.735) (layer B.SilkS) (width 0.12))
    (fp_line (start -0.261252 0.735) (end 0.261252 0.735) (layer B.SilkS) (width 0.12))
    (fp_line (start 1 -0.625) (end -1 -0.625) (layer B.Fab) (width 0.1))
    (fp_line (start 1 0.625) (end 1 -0.625) (layer B.Fab) (width 0.1))
    (fp_line (start -1 0.625) (end 1 0.625) (layer B.Fab) (width 0.1))
    (fp_line (start -1 -0.625) (end -1 0.625) (layer B.Fab) (width 0.1))
    (fp_text user %R (at 0 0 270) (layer B.Fab)
      (effects (font (size 0.5 0.5) (thickness 0.08)) (justify mirror))
    )
    (pad 1 smd roundrect (at -0.95 0 270) (size 1 1.45) (layers B.Cu B.Paste B.Mask) (roundrect_rratio 0.25)
      (net 1 GND))
    (pad 2 smd roundrect (at 0.95 0 270) (size 1 1.45) (layers B.Cu B.Paste B.Mask) (roundrect_rratio 0.25)
      (net 137 "Net-(C16-Pad2)"))
    (model ${KISYS3DMOD}/Capacitor_SMD.3dshapes/C_0805_2012Metric.wrl
      (at (xyz 0 0 0))
      (scale (xyz 1 1 1))
      (rotate (xyz 0 0 0))
    )
  )

  (module Capacitor_SMD:C_0805_2012Metric (layer B.Cu) (tedit 5F68FEEE) (tstamp 5FC60B12)
    (at 179.959 62.738)
    (descr "Capacitor SMD 0805 (2012 Metric), square (rectangular) end terminal, IPC_7351 nominal, (Body size source: IPC-SM-782 page 76, https://www.pcb-3d.com/wordpress/wp-content/uploads/ipc-sm-782a_amendment_1_and_2.pdf, https://docs.google.com/spreadsheets/d/1BsfQQcO9C6DZCsRaXUlFlo91Tg2WpOkGARC1WS5S8t0/edit?usp=sharing), generated with kicad-footprint-generator")
    (tags capacitor)
    (path /5FD60937)
    (attr smd)
    (fp_text reference C15 (at 0 -1.651 180) (layer B.SilkS)
      (effects (font (size 1 1) (thickness 0.2)) (justify mirror))
    )
    (fp_text value "1 uF" (at 0 -1.68 180) (layer B.Fab)
      (effects (font (size 1 1) (thickness 0.2)) (justify mirror))
    )
    (fp_line (start -1 -0.625) (end -1 0.625) (layer B.Fab) (width 0.1))
    (fp_line (start -1 0.625) (end 1 0.625) (layer B.Fab) (width 0.1))
    (fp_line (start 1 0.625) (end 1 -0.625) (layer B.Fab) (width 0.1))
    (fp_line (start 1 -0.625) (end -1 -0.625) (layer B.Fab) (width 0.1))
    (fp_line (start -0.261252 0.735) (end 0.261252 0.735) (layer B.SilkS) (width 0.12))
    (fp_line (start -0.261252 -0.735) (end 0.261252 -0.735) (layer B.SilkS) (width 0.12))
    (fp_line (start -1.7 -0.98) (end -1.7 0.98) (layer B.CrtYd) (width 0.05))
    (fp_line (start -1.7 0.98) (end 1.7 0.98) (layer B.CrtYd) (width 0.05))
    (fp_line (start 1.7 0.98) (end 1.7 -0.98) (layer B.CrtYd) (width 0.05))
    (fp_line (start 1.7 -0.98) (end -1.7 -0.98) (layer B.CrtYd) (width 0.05))
    (fp_text user %R (at 0 0 180) (layer B.Fab)
      (effects (font (size 0.5 0.5) (thickness 0.08)) (justify mirror))
    )
    (pad 2 smd roundrect (at 0.95 0) (size 1 1.45) (layers B.Cu B.Paste B.Mask) (roundrect_rratio 0.25)
      (net 4 +3V3))
    (pad 1 smd roundrect (at -0.95 0) (size 1 1.45) (layers B.Cu B.Paste B.Mask) (roundrect_rratio 0.25)
      (net 1 GND))
    (model ${KISYS3DMOD}/Capacitor_SMD.3dshapes/C_0805_2012Metric.wrl
      (at (xyz 0 0 0))
      (scale (xyz 1 1 1))
      (rotate (xyz 0 0 0))
    )
  )

  (module Resistor_SMD:R_0805_2012Metric_Pad1.20x1.40mm_HandSolder (layer B.Cu) (tedit 5F68FEEE) (tstamp 5FD6EE8A)
    (at 180.975 78.74 270)
    (descr "Resistor SMD 0805 (2012 Metric), square (rectangular) end terminal, IPC_7351 nominal with elongated pad for handsoldering. (Body size source: IPC-SM-782 page 72, https://www.pcb-3d.com/wordpress/wp-content/uploads/ipc-sm-782a_amendment_1_and_2.pdf), generated with kicad-footprint-generator")
    (tags "resistor handsolder")
    (path /60C66C1F)
    (attr smd)
    (fp_text reference R7 (at 0 1.65 90) (layer B.SilkS)
      (effects (font (size 1 1) (thickness 0.2)) (justify mirror))
    )
    (fp_text value 10K (at 0 -1.65 90) (layer B.Fab)
      (effects (font (size 1 1) (thickness 0.2)) (justify mirror))
    )
    (fp_line (start 1.85 -0.95) (end -1.85 -0.95) (layer B.CrtYd) (width 0.05))
    (fp_line (start 1.85 0.95) (end 1.85 -0.95) (layer B.CrtYd) (width 0.05))
    (fp_line (start -1.85 0.95) (end 1.85 0.95) (layer B.CrtYd) (width 0.05))
    (fp_line (start -1.85 -0.95) (end -1.85 0.95) (layer B.CrtYd) (width 0.05))
    (fp_line (start -0.227064 -0.735) (end 0.227064 -0.735) (layer B.SilkS) (width 0.12))
    (fp_line (start -0.227064 0.735) (end 0.227064 0.735) (layer B.SilkS) (width 0.12))
    (fp_line (start 1 -0.625) (end -1 -0.625) (layer B.Fab) (width 0.1))
    (fp_line (start 1 0.625) (end 1 -0.625) (layer B.Fab) (width 0.1))
    (fp_line (start -1 0.625) (end 1 0.625) (layer B.Fab) (width 0.1))
    (fp_line (start -1 -0.625) (end -1 0.625) (layer B.Fab) (width 0.1))
    (fp_text user %R (at 0 0 90) (layer B.Fab)
      (effects (font (size 0.5 0.5) (thickness 0.08)) (justify mirror))
    )
    (pad 2 smd roundrect (at 1 0 270) (size 1.2 1.4) (layers B.Cu B.Paste B.Mask) (roundrect_rratio 0.2083325)
      (net 71 /MCP23017_INTB))
    (pad 1 smd roundrect (at -1 0 270) (size 1.2 1.4) (layers B.Cu B.Paste B.Mask) (roundrect_rratio 0.2083325)
      (net 4 +3V3))
    (model ${KISYS3DMOD}/Resistor_SMD.3dshapes/R_0805_2012Metric.wrl
      (at (xyz 0 0 0))
      (scale (xyz 1 1 1))
      (rotate (xyz 0 0 0))
    )
  )

  (module Resistor_SMD:R_0805_2012Metric_Pad1.20x1.40mm_HandSolder (layer B.Cu) (tedit 5F68FEEE) (tstamp 5FD6EE69)
    (at 184.785 78.74 270)
    (descr "Resistor SMD 0805 (2012 Metric), square (rectangular) end terminal, IPC_7351 nominal with elongated pad for handsoldering. (Body size source: IPC-SM-782 page 72, https://www.pcb-3d.com/wordpress/wp-content/uploads/ipc-sm-782a_amendment_1_and_2.pdf), generated with kicad-footprint-generator")
    (tags "resistor handsolder")
    (path /60C66602)
    (attr smd)
    (fp_text reference R5 (at 0 1.65 90) (layer B.SilkS)
      (effects (font (size 1 1) (thickness 0.2)) (justify mirror))
    )
    (fp_text value 10K (at 0 -1.65 90) (layer B.Fab)
      (effects (font (size 1 1) (thickness 0.2)) (justify mirror))
    )
    (fp_line (start 1.85 -0.95) (end -1.85 -0.95) (layer B.CrtYd) (width 0.05))
    (fp_line (start 1.85 0.95) (end 1.85 -0.95) (layer B.CrtYd) (width 0.05))
    (fp_line (start -1.85 0.95) (end 1.85 0.95) (layer B.CrtYd) (width 0.05))
    (fp_line (start -1.85 -0.95) (end -1.85 0.95) (layer B.CrtYd) (width 0.05))
    (fp_line (start -0.227064 -0.735) (end 0.227064 -0.735) (layer B.SilkS) (width 0.12))
    (fp_line (start -0.227064 0.735) (end 0.227064 0.735) (layer B.SilkS) (width 0.12))
    (fp_line (start 1 -0.625) (end -1 -0.625) (layer B.Fab) (width 0.1))
    (fp_line (start 1 0.625) (end 1 -0.625) (layer B.Fab) (width 0.1))
    (fp_line (start -1 0.625) (end 1 0.625) (layer B.Fab) (width 0.1))
    (fp_line (start -1 -0.625) (end -1 0.625) (layer B.Fab) (width 0.1))
    (fp_text user %R (at 0 0 90) (layer B.Fab)
      (effects (font (size 0.5 0.5) (thickness 0.08)) (justify mirror))
    )
    (pad 2 smd roundrect (at 1 0 270) (size 1.2 1.4) (layers B.Cu B.Paste B.Mask) (roundrect_rratio 0.2083325)
      (net 72 /MCP23017_INTA))
    (pad 1 smd roundrect (at -1 0 270) (size 1.2 1.4) (layers B.Cu B.Paste B.Mask) (roundrect_rratio 0.2083325)
      (net 4 +3V3))
    (model ${KISYS3DMOD}/Resistor_SMD.3dshapes/R_0805_2012Metric.wrl
      (at (xyz 0 0 0))
      (scale (xyz 1 1 1))
      (rotate (xyz 0 0 0))
    )
  )

  (module Resistor_SMD:R_0805_2012Metric_Pad1.20x1.40mm_HandSolder (layer F.Cu) (tedit 5F68FEEE) (tstamp 5EE423E7)
    (at 121.92 117.475 180)
    (descr "Resistor SMD 0805 (2012 Metric), square (rectangular) end terminal, IPC_7351 nominal with elongated pad for handsoldering. (Body size source: IPC-SM-782 page 72, https://www.pcb-3d.com/wordpress/wp-content/uploads/ipc-sm-782a_amendment_1_and_2.pdf), generated with kicad-footprint-generator")
    (tags "resistor handsolder")
    (path /5EA8D659)
    (attr smd)
    (fp_text reference R65 (at -6.985 0) (layer F.SilkS)
      (effects (font (size 1 1) (thickness 0.2)))
    )
    (fp_text value 39 (at 0 1.65) (layer F.Fab)
      (effects (font (size 1 1) (thickness 0.2)))
    )
    (fp_line (start 1.85 0.95) (end -1.85 0.95) (layer F.CrtYd) (width 0.05))
    (fp_line (start 1.85 -0.95) (end 1.85 0.95) (layer F.CrtYd) (width 0.05))
    (fp_line (start -1.85 -0.95) (end 1.85 -0.95) (layer F.CrtYd) (width 0.05))
    (fp_line (start -1.85 0.95) (end -1.85 -0.95) (layer F.CrtYd) (width 0.05))
    (fp_line (start -0.227064 0.735) (end 0.227064 0.735) (layer F.SilkS) (width 0.12))
    (fp_line (start -0.227064 -0.735) (end 0.227064 -0.735) (layer F.SilkS) (width 0.12))
    (fp_line (start 1 0.625) (end -1 0.625) (layer F.Fab) (width 0.1))
    (fp_line (start 1 -0.625) (end 1 0.625) (layer F.Fab) (width 0.1))
    (fp_line (start -1 -0.625) (end 1 -0.625) (layer F.Fab) (width 0.1))
    (fp_line (start -1 0.625) (end -1 -0.625) (layer F.Fab) (width 0.1))
    (fp_text user %R (at 0 0) (layer F.Fab)
      (effects (font (size 0.5 0.5) (thickness 0.2)))
    )
    (pad 2 smd roundrect (at 1 0 180) (size 1.2 1.4) (layers F.Cu F.Paste F.Mask) (roundrect_rratio 0.2083325)
      (net 139 "Net-(C33-Pad1)"))
    (pad 1 smd roundrect (at -1 0 180) (size 1.2 1.4) (layers F.Cu F.Paste F.Mask) (roundrect_rratio 0.2083325)
      (net 56 /RMISC_TERM))
    (model ${KISYS3DMOD}/Resistor_SMD.3dshapes/R_0805_2012Metric.wrl
      (at (xyz 0 0 0))
      (scale (xyz 1 1 1))
      (rotate (xyz 0 0 0))
    )
  )

  (module Resistor_SMD:R_0805_2012Metric_Pad1.20x1.40mm_HandSolder (layer F.Cu) (tedit 5F68FEEE) (tstamp 5FD65902)
    (at 121.92 106.045 180)
    (descr "Resistor SMD 0805 (2012 Metric), square (rectangular) end terminal, IPC_7351 nominal with elongated pad for handsoldering. (Body size source: IPC-SM-782 page 72, https://www.pcb-3d.com/wordpress/wp-content/uploads/ipc-sm-782a_amendment_1_and_2.pdf), generated with kicad-footprint-generator")
    (tags "resistor handsolder")
    (path /5EA70053)
    (attr smd)
    (fp_text reference R64 (at -6.985 0) (layer F.SilkS)
      (effects (font (size 1 1) (thickness 0.2)))
    )
    (fp_text value 39 (at 0 1.65) (layer F.Fab)
      (effects (font (size 1 1) (thickness 0.2)))
    )
    (fp_line (start 1.85 0.95) (end -1.85 0.95) (layer F.CrtYd) (width 0.05))
    (fp_line (start 1.85 -0.95) (end 1.85 0.95) (layer F.CrtYd) (width 0.05))
    (fp_line (start -1.85 -0.95) (end 1.85 -0.95) (layer F.CrtYd) (width 0.05))
    (fp_line (start -1.85 0.95) (end -1.85 -0.95) (layer F.CrtYd) (width 0.05))
    (fp_line (start -0.227064 0.735) (end 0.227064 0.735) (layer F.SilkS) (width 0.12))
    (fp_line (start -0.227064 -0.735) (end 0.227064 -0.735) (layer F.SilkS) (width 0.12))
    (fp_line (start 1 0.625) (end -1 0.625) (layer F.Fab) (width 0.1))
    (fp_line (start 1 -0.625) (end 1 0.625) (layer F.Fab) (width 0.1))
    (fp_line (start -1 -0.625) (end 1 -0.625) (layer F.Fab) (width 0.1))
    (fp_line (start -1 0.625) (end -1 -0.625) (layer F.Fab) (width 0.1))
    (fp_text user %R (at 0 0) (layer F.Fab)
      (effects (font (size 0.5 0.5) (thickness 0.2)))
    )
    (pad 2 smd roundrect (at 1 0 180) (size 1.2 1.4) (layers F.Cu F.Paste F.Mask) (roundrect_rratio 0.2083325)
      (net 138 "Net-(C32-Pad1)"))
    (pad 1 smd roundrect (at -1 0 180) (size 1.2 1.4) (layers F.Cu F.Paste F.Mask) (roundrect_rratio 0.2083325)
      (net 56 /RMISC_TERM))
    (model ${KISYS3DMOD}/Resistor_SMD.3dshapes/R_0805_2012Metric.wrl
      (at (xyz 0 0 0))
      (scale (xyz 1 1 1))
      (rotate (xyz 0 0 0))
    )
  )

  (module Resistor_SMD:R_0805_2012Metric_Pad1.20x1.40mm_HandSolder (layer F.Cu) (tedit 5F68FEEE) (tstamp 5EE426B7)
    (at 121.92 94.615 180)
    (descr "Resistor SMD 0805 (2012 Metric), square (rectangular) end terminal, IPC_7351 nominal with elongated pad for handsoldering. (Body size source: IPC-SM-782 page 72, https://www.pcb-3d.com/wordpress/wp-content/uploads/ipc-sm-782a_amendment_1_and_2.pdf), generated with kicad-footprint-generator")
    (tags "resistor handsolder")
    (path /5EA6FFF6)
    (attr smd)
    (fp_text reference R63 (at -6.985 0) (layer F.SilkS)
      (effects (font (size 1 1) (thickness 0.2)))
    )
    (fp_text value 39 (at 0 1.65) (layer F.Fab)
      (effects (font (size 1 1) (thickness 0.2)))
    )
    (fp_line (start 1.85 0.95) (end -1.85 0.95) (layer F.CrtYd) (width 0.05))
    (fp_line (start 1.85 -0.95) (end 1.85 0.95) (layer F.CrtYd) (width 0.05))
    (fp_line (start -1.85 -0.95) (end 1.85 -0.95) (layer F.CrtYd) (width 0.05))
    (fp_line (start -1.85 0.95) (end -1.85 -0.95) (layer F.CrtYd) (width 0.05))
    (fp_line (start -0.227064 0.735) (end 0.227064 0.735) (layer F.SilkS) (width 0.12))
    (fp_line (start -0.227064 -0.735) (end 0.227064 -0.735) (layer F.SilkS) (width 0.12))
    (fp_line (start 1 0.625) (end -1 0.625) (layer F.Fab) (width 0.1))
    (fp_line (start 1 -0.625) (end 1 0.625) (layer F.Fab) (width 0.1))
    (fp_line (start -1 -0.625) (end 1 -0.625) (layer F.Fab) (width 0.1))
    (fp_line (start -1 0.625) (end -1 -0.625) (layer F.Fab) (width 0.1))
    (fp_text user %R (at 0 0) (layer F.Fab)
      (effects (font (size 0.5 0.5) (thickness 0.2)))
    )
    (pad 2 smd roundrect (at 1 0 180) (size 1.2 1.4) (layers F.Cu F.Paste F.Mask) (roundrect_rratio 0.2083325)
      (net 112 "Net-(C31-Pad1)"))
    (pad 1 smd roundrect (at -1 0 180) (size 1.2 1.4) (layers F.Cu F.Paste F.Mask) (roundrect_rratio 0.2083325)
      (net 56 /RMISC_TERM))
    (model ${KISYS3DMOD}/Resistor_SMD.3dshapes/R_0805_2012Metric.wrl
      (at (xyz 0 0 0))
      (scale (xyz 1 1 1))
      (rotate (xyz 0 0 0))
    )
  )

  (module Resistor_SMD:R_0805_2012Metric_Pad1.20x1.40mm_HandSolder (layer F.Cu) (tedit 5F68FEEE) (tstamp 5EDFA2EF)
    (at 121.92 83.185 180)
    (descr "Resistor SMD 0805 (2012 Metric), square (rectangular) end terminal, IPC_7351 nominal with elongated pad for handsoldering. (Body size source: IPC-SM-782 page 72, https://www.pcb-3d.com/wordpress/wp-content/uploads/ipc-sm-782a_amendment_1_and_2.pdf), generated with kicad-footprint-generator")
    (tags "resistor handsolder")
    (path /5EA60B57)
    (attr smd)
    (fp_text reference R62 (at -7.239 0) (layer F.SilkS)
      (effects (font (size 1 1) (thickness 0.2)))
    )
    (fp_text value 39 (at 0 1.65) (layer F.Fab)
      (effects (font (size 1 1) (thickness 0.2)))
    )
    (fp_line (start 1.85 0.95) (end -1.85 0.95) (layer F.CrtYd) (width 0.05))
    (fp_line (start 1.85 -0.95) (end 1.85 0.95) (layer F.CrtYd) (width 0.05))
    (fp_line (start -1.85 -0.95) (end 1.85 -0.95) (layer F.CrtYd) (width 0.05))
    (fp_line (start -1.85 0.95) (end -1.85 -0.95) (layer F.CrtYd) (width 0.05))
    (fp_line (start -0.227064 0.735) (end 0.227064 0.735) (layer F.SilkS) (width 0.12))
    (fp_line (start -0.227064 -0.735) (end 0.227064 -0.735) (layer F.SilkS) (width 0.12))
    (fp_line (start 1 0.625) (end -1 0.625) (layer F.Fab) (width 0.1))
    (fp_line (start 1 -0.625) (end 1 0.625) (layer F.Fab) (width 0.1))
    (fp_line (start -1 -0.625) (end 1 -0.625) (layer F.Fab) (width 0.1))
    (fp_line (start -1 0.625) (end -1 -0.625) (layer F.Fab) (width 0.1))
    (fp_text user %R (at 0 0) (layer F.Fab)
      (effects (font (size 0.5 0.5) (thickness 0.2)))
    )
    (pad 2 smd roundrect (at 1 0 180) (size 1.2 1.4) (layers F.Cu F.Paste F.Mask) (roundrect_rratio 0.2083325)
      (net 96 "Net-(C30-Pad1)"))
    (pad 1 smd roundrect (at -1 0 180) (size 1.2 1.4) (layers F.Cu F.Paste F.Mask) (roundrect_rratio 0.2083325)
      (net 35 /RH_TERM))
    (model ${KISYS3DMOD}/Resistor_SMD.3dshapes/R_0805_2012Metric.wrl
      (at (xyz 0 0 0))
      (scale (xyz 1 1 1))
      (rotate (xyz 0 0 0))
    )
  )

  (module Resistor_SMD:R_0805_2012Metric_Pad1.20x1.40mm_HandSolder (layer F.Cu) (tedit 5F68FEEE) (tstamp 5EE5EAB8)
    (at 146.05 85.725)
    (descr "Resistor SMD 0805 (2012 Metric), square (rectangular) end terminal, IPC_7351 nominal with elongated pad for handsoldering. (Body size source: IPC-SM-782 page 72, https://www.pcb-3d.com/wordpress/wp-content/uploads/ipc-sm-782a_amendment_1_and_2.pdf), generated with kicad-footprint-generator")
    (tags "resistor handsolder")
    (path /5EA33C88)
    (attr smd)
    (fp_text reference R61 (at -7.239 0) (layer F.SilkS)
      (effects (font (size 1 1) (thickness 0.2)))
    )
    (fp_text value 39 (at 0 1.65) (layer F.Fab)
      (effects (font (size 1 1) (thickness 0.2)))
    )
    (fp_line (start 1.85 0.95) (end -1.85 0.95) (layer F.CrtYd) (width 0.05))
    (fp_line (start 1.85 -0.95) (end 1.85 0.95) (layer F.CrtYd) (width 0.05))
    (fp_line (start -1.85 -0.95) (end 1.85 -0.95) (layer F.CrtYd) (width 0.05))
    (fp_line (start -1.85 0.95) (end -1.85 -0.95) (layer F.CrtYd) (width 0.05))
    (fp_line (start -0.227064 0.735) (end 0.227064 0.735) (layer F.SilkS) (width 0.12))
    (fp_line (start -0.227064 -0.735) (end 0.227064 -0.735) (layer F.SilkS) (width 0.12))
    (fp_line (start 1 0.625) (end -1 0.625) (layer F.Fab) (width 0.1))
    (fp_line (start 1 -0.625) (end 1 0.625) (layer F.Fab) (width 0.1))
    (fp_line (start -1 -0.625) (end 1 -0.625) (layer F.Fab) (width 0.1))
    (fp_line (start -1 0.625) (end -1 -0.625) (layer F.Fab) (width 0.1))
    (fp_text user %R (at 0 0) (layer F.Fab)
      (effects (font (size 0.5 0.5) (thickness 0.2)))
    )
    (pad 2 smd roundrect (at 1 0) (size 1.2 1.4) (layers F.Cu F.Paste F.Mask) (roundrect_rratio 0.2083325)
      (net 95 "Net-(C29-Pad1)"))
    (pad 1 smd roundrect (at -1 0) (size 1.2 1.4) (layers F.Cu F.Paste F.Mask) (roundrect_rratio 0.2083325)
      (net 35 /RH_TERM))
    (model ${KISYS3DMOD}/Resistor_SMD.3dshapes/R_0805_2012Metric.wrl
      (at (xyz 0 0 0))
      (scale (xyz 1 1 1))
      (rotate (xyz 0 0 0))
    )
  )

  (module Resistor_SMD:R_0805_2012Metric_Pad1.20x1.40mm_HandSolder (layer F.Cu) (tedit 5F68FEEE) (tstamp 5EE5EB18)
    (at 146.05 97.155)
    (descr "Resistor SMD 0805 (2012 Metric), square (rectangular) end terminal, IPC_7351 nominal with elongated pad for handsoldering. (Body size source: IPC-SM-782 page 72, https://www.pcb-3d.com/wordpress/wp-content/uploads/ipc-sm-782a_amendment_1_and_2.pdf), generated with kicad-footprint-generator")
    (tags "resistor handsolder")
    (path /5EA8D59F)
    (attr smd)
    (fp_text reference R60 (at -6.985 0) (layer F.SilkS)
      (effects (font (size 1 1) (thickness 0.2)))
    )
    (fp_text value 39 (at 0 1.65) (layer F.Fab)
      (effects (font (size 1 1) (thickness 0.2)))
    )
    (fp_line (start 1.85 0.95) (end -1.85 0.95) (layer F.CrtYd) (width 0.05))
    (fp_line (start 1.85 -0.95) (end 1.85 0.95) (layer F.CrtYd) (width 0.05))
    (fp_line (start -1.85 -0.95) (end 1.85 -0.95) (layer F.CrtYd) (width 0.05))
    (fp_line (start -1.85 0.95) (end -1.85 -0.95) (layer F.CrtYd) (width 0.05))
    (fp_line (start -0.227064 0.735) (end 0.227064 0.735) (layer F.SilkS) (width 0.12))
    (fp_line (start -0.227064 -0.735) (end 0.227064 -0.735) (layer F.SilkS) (width 0.12))
    (fp_line (start 1 0.625) (end -1 0.625) (layer F.Fab) (width 0.1))
    (fp_line (start 1 -0.625) (end 1 0.625) (layer F.Fab) (width 0.1))
    (fp_line (start -1 -0.625) (end 1 -0.625) (layer F.Fab) (width 0.1))
    (fp_line (start -1 0.625) (end -1 -0.625) (layer F.Fab) (width 0.1))
    (fp_text user %R (at 0 0) (layer F.Fab)
      (effects (font (size 0.5 0.5) (thickness 0.2)))
    )
    (pad 2 smd roundrect (at 1 0) (size 1.2 1.4) (layers F.Cu F.Paste F.Mask) (roundrect_rratio 0.2083325)
      (net 94 "Net-(C28-Pad1)"))
    (pad 1 smd roundrect (at -1 0) (size 1.2 1.4) (layers F.Cu F.Paste F.Mask) (roundrect_rratio 0.2083325)
      (net 36 /RC_TERM))
    (model ${KISYS3DMOD}/Resistor_SMD.3dshapes/R_0805_2012Metric.wrl
      (at (xyz 0 0 0))
      (scale (xyz 1 1 1))
      (rotate (xyz 0 0 0))
    )
  )

  (module Resistor_SMD:R_0805_2012Metric_Pad1.20x1.40mm_HandSolder (layer F.Cu) (tedit 5F68FEEE) (tstamp 5EE5EAE8)
    (at 146.05 108.585)
    (descr "Resistor SMD 0805 (2012 Metric), square (rectangular) end terminal, IPC_7351 nominal with elongated pad for handsoldering. (Body size source: IPC-SM-782 page 72, https://www.pcb-3d.com/wordpress/wp-content/uploads/ipc-sm-782a_amendment_1_and_2.pdf), generated with kicad-footprint-generator")
    (tags "resistor handsolder")
    (path /5EA8D542)
    (attr smd)
    (fp_text reference R59 (at -6.985 0) (layer F.SilkS)
      (effects (font (size 1 1) (thickness 0.2)))
    )
    (fp_text value 39 (at 0 1.65) (layer F.Fab)
      (effects (font (size 1 1) (thickness 0.2)))
    )
    (fp_line (start 1.85 0.95) (end -1.85 0.95) (layer F.CrtYd) (width 0.05))
    (fp_line (start 1.85 -0.95) (end 1.85 0.95) (layer F.CrtYd) (width 0.05))
    (fp_line (start -1.85 -0.95) (end 1.85 -0.95) (layer F.CrtYd) (width 0.05))
    (fp_line (start -1.85 0.95) (end -1.85 -0.95) (layer F.CrtYd) (width 0.05))
    (fp_line (start -0.227064 0.735) (end 0.227064 0.735) (layer F.SilkS) (width 0.12))
    (fp_line (start -0.227064 -0.735) (end 0.227064 -0.735) (layer F.SilkS) (width 0.12))
    (fp_line (start 1 0.625) (end -1 0.625) (layer F.Fab) (width 0.1))
    (fp_line (start 1 -0.625) (end 1 0.625) (layer F.Fab) (width 0.1))
    (fp_line (start -1 -0.625) (end 1 -0.625) (layer F.Fab) (width 0.1))
    (fp_line (start -1 0.625) (end -1 -0.625) (layer F.Fab) (width 0.1))
    (fp_text user %R (at 0 0) (layer F.Fab)
      (effects (font (size 0.5 0.5) (thickness 0.2)))
    )
    (pad 2 smd roundrect (at 1 0) (size 1.2 1.4) (layers F.Cu F.Paste F.Mask) (roundrect_rratio 0.2083325)
      (net 91 "Net-(C27-Pad1)"))
    (pad 1 smd roundrect (at -1 0) (size 1.2 1.4) (layers F.Cu F.Paste F.Mask) (roundrect_rratio 0.2083325)
      (net 36 /RC_TERM))
    (model ${KISYS3DMOD}/Resistor_SMD.3dshapes/R_0805_2012Metric.wrl
      (at (xyz 0 0 0))
      (scale (xyz 1 1 1))
      (rotate (xyz 0 0 0))
    )
  )

  (module Resistor_SMD:R_0805_2012Metric_Pad1.20x1.40mm_HandSolder (layer F.Cu) (tedit 5F68FEEE) (tstamp 5EE5EB48)
    (at 146.05 120.015)
